Name: california.csv
Case: a
Root Mean Squared Error: 63076.29887951363
best k: 9
data range: (17500, 500001)
dataset size: 20640
Predicted Data	Raw Data
108155.56	92000.00
212566.67	253600.00
168966.67	168900.00
215644.44	194000.00
132955.56	124600.00
52788.89	46500.00
191744.44	305000.00
202000.00	188700.00
179477.78	179500.00
186433.33	176000.00
303000.00	431000.00
192222.22	245800.00
74033.33	110300.00
261466.67	265200.00
89022.22	64100.00
204677.78	176700.00
126122.22	155000.00
365289.11	335200.00
166611.11	153700.00
82433.33	67500.00
138611.11	112500.00
140477.78	141100.00
263966.67	261500.00
431133.67	380600.00
258244.44	262100.00
321500.11	500001.00
310922.22	350000.00
470022.78	399700.00
491767.44	500001.00
365000.00	355300.00
71455.56	48100.00
231900.00	209700.00
448322.67	500001.00
100455.56	85400.00
119566.67	95200.00
255222.22	293500.00
201177.78	214500.00
183177.78	174400.00
91433.33	55000.00
187211.11	500001.00
126588.89	99800.00
68966.67	81300.00
231933.44	285000.00
262322.22	240200.00
172800.00	148100.00
192922.22	188700.00
269644.56	243800.00
266644.44	278800.00
260322.22	228100.00
461544.89	500001.00
213855.56	346900.00
96866.67	150000.00
416189.22	500001.00
80777.78	25000.00
277866.78	369400.00
175288.89	179200.00
181000.00	256300.00
213488.89	160400.00
198411.11	194600.00
126166.67	166000.00
227544.44	116700.00
265566.67	248200.00
133066.67	110500.00
170377.78	147600.00
116066.67	84600.00
78977.78	75700.00
236300.11	475000.00
189600.00	217800.00
202566.67	103400.00
58244.44	54100.00
190544.44	101800.00
192733.33	161200.00
280766.67	500001.00
162055.56	177500.00
235077.89	225000.00
57233.33	68500.00
267977.89	194400.00
90211.11	87500.00
348188.89	368700.00
484611.89	245800.00
67466.67	104200.00
97211.11	107800.00
334566.67	380800.00
151277.78	126500.00
392800.22	484600.00
194900.00	206900.00
267466.78	279900.00
189255.56	179800.00
236011.11	457300.00
457111.56	500001.00
304288.89	288900.00
65477.78	62200.00
115555.56	115000.00
183811.11	181900.00
63777.78	58900.00
176011.11	117600.00
105688.89	93300.00
274577.89	206700.00
215866.67	151400.00
306411.22	439200.00
422800.44	363600.00
149300.00	158800.00
79788.89	92700.00
129311.11	142100.00
56300.00	61700.00
88855.56	82800.00
63633.33	72500.00
158700.00	236100.00
393844.56	241700.00
264722.33	281300.00
116488.89	102600.00
135711.11	164400.00
209188.89	121000.00
296866.89	350000.00
278688.89	171900.00
118488.89	58000.00
179011.11	189200.00
134577.78	98100.00
275866.78	370500.00
208700.00	224100.00
180688.89	257400.00
141555.56	139600.00
352877.89	500001.00
357922.56	500001.00
283377.89	283200.00
81688.89	91700.00
273389.00	140800.00
188611.11	165900.00
110544.44	109900.00
222444.44	181800.00
290577.78	218500.00
239866.67	500001.00
220866.67	282600.00
337955.67	409600.00
118244.44	134600.00
122622.22	118200.00
165866.67	174000.00
285977.78	268200.00
250833.44	211800.00
100888.89	78300.00
85466.67	57500.00
129988.89	193800.00
217844.56	354000.00
281455.56	279000.00
305855.67	500001.00
55500.00	43100.00
460311.44	500001.00
170877.78	185400.00
100266.67	88800.00
247122.22	254500.00
414822.33	494700.00
186700.00	150500.00
187711.11	136400.00
130800.00	117500.00
83933.33	62300.00
144211.11	126100.00
181944.44	235300.00
308377.89	284200.00
323155.56	500001.00
151655.56	142600.00
234133.33	108300.00
291100.11	273800.00
99011.11	72400.00
261211.22	331800.00
111055.56	212500.00
161777.78	171300.00
455523.00	500001.00
273011.11	238700.00
189677.78	137100.00
344233.44	459600.00
161566.67	350000.00
153044.44	120000.00
229644.44	196800.00
102555.56	107500.00
342911.33	275700.00
252789.00	215700.00
129444.44	181300.00
56544.44	60500.00
384588.89	394400.00
71577.78	65400.00
89077.78	87000.00
109722.22	161800.00
259533.33	287800.00
208711.11	234600.00
360344.67	482700.00
229200.00	120400.00
266600.00	173200.00
194844.44	122300.00
216788.89	189100.00
283877.78	308600.00
117377.78	106500.00
108155.56	116800.00
156133.33	218400.00
216111.11	165000.00
107822.22	112500.00
204811.11	222800.00
197688.89	353000.00
90700.00	142500.00
199933.33	285000.00
121388.89	137500.00
67788.89	86800.00
184422.22	149400.00
279577.78	359400.00
253166.67	237700.00
213255.56	226900.00
205855.56	131300.00
142200.00	170300.00
318133.33	350000.00
287422.22	183600.00
105500.00	62500.00
163522.22	170800.00
214633.33	177500.00
306200.00	500001.00
189800.00	167900.00
57333.33	45300.00
99433.33	98100.00
186188.89	87500.00
350566.78	488900.00
119355.56	123200.00
120544.44	134700.00
142555.56	144800.00
236466.67	213900.00
183966.67	237100.00
189844.44	122400.00
284800.00	261600.00
239322.22	263500.00
88600.00	93100.00
500001.00	500001.00
219466.78	209100.00
188577.78	177500.00
104377.78	86300.00
429444.78	352800.00
272922.22	177100.00
200722.22	233300.00
379411.11	329400.00
144633.33	146200.00
125433.33	159000.00
284433.33	226000.00
137155.56	168800.00
414667.00	295200.00
329633.33	395300.00
114933.33	148700.00
212777.78	183400.00
69100.00	70700.00
182522.22	207900.00
343688.89	261100.00
136111.11	99100.00
125144.44	102900.00
341722.33	355800.00
364366.78	267600.00
241055.56	230800.00
224877.78	237200.00
247788.89	230800.00
169677.78	126500.00
113555.56	132100.00
436578.22	380400.00
199800.00	222200.00
68355.56	80100.00
116144.44	102600.00
172700.00	138800.00
214833.33	390800.00
487412.00	415900.00
175977.78	188200.00
94966.67	94200.00
117900.00	111500.00
171066.67	127200.00
105100.00	93800.00
343089.00	500001.00
212900.00	141600.00
112422.22	150000.00
147233.33	120300.00
220022.22	213200.00
87922.22	73100.00
140844.44	162500.00
172100.00	165000.00
57955.56	52300.00
122811.11	155400.00
143522.22	100900.00
91811.11	145500.00
141600.00	94100.00
83155.56	65600.00
154655.56	111800.00
303711.11	298600.00
245800.00	226500.00
116688.89	87900.00
61088.89	52900.00
137466.67	92800.00
359944.44	399300.00
268277.78	242200.00
181377.78	157500.00
227511.11	130200.00
223855.56	228900.00
378033.33	500000.00
286555.67	184600.00
262344.44	240000.00
88277.78	66400.00
157622.22	131900.00
137633.33	165000.00
142011.11	162500.00
323422.33	349300.00
120677.78	239300.00
189777.78	213700.00
240311.22	385300.00
241344.56	146900.00
182888.89	131300.00
415300.11	397400.00
88711.11	88900.00
155377.78	189400.00
379766.78	500001.00
137355.56	117300.00
280355.56	218200.00
76355.56	54600.00
131377.78	114100.00
403544.78	394100.00
71011.11	225000.00
319111.22	175000.00
322211.11	278200.00
208622.22	161100.00
345211.11	383700.00
383677.89	473400.00
319688.89	351800.00
62800.00	66100.00
230200.00	216400.00
351744.44	375300.00
170288.89	120100.00
182988.89	189600.00
175633.33	275000.00
295255.67	318800.00
72388.89	83800.00
113100.00	74400.00
195177.78	164600.00
194600.00	181200.00
247444.56	169000.00
277811.22	263400.00
148566.67	167500.00
141277.78	174500.00
384533.67	346200.00
396000.22	329400.00
204988.89	318000.00
117833.33	126700.00
392933.44	302100.00
165388.89	89300.00
209955.56	240300.00
144688.89	179900.00
143633.33	146300.00
162877.78	165300.00
179388.89	148300.00
249911.11	140400.00
180000.00	160900.00
139722.22	108900.00
158222.33	137300.00
96600.00	84900.00
252488.89	409700.00
243888.89	232100.00
63177.78	59600.00
68022.22	60800.00
137022.22	104100.00
188488.89	146900.00
500001.00	500001.00
301133.33	272800.00
71733.33	104700.00
107055.56	111700.00
147233.33	162500.00
130688.89	135500.00
245888.89	239100.00
139600.00	193800.00
435800.33	500001.00
161477.78	110300.00
256755.56	246900.00
269566.67	327500.00
255711.11	339800.00
175244.44	184100.00
235633.33	204800.00
334011.11	330000.00
88466.67	72700.00
317133.33	291300.00
169277.78	142900.00
392689.00	354900.00
342055.56	368000.00
447255.89	261800.00
120055.56	168800.00
435700.22	500001.00
343311.22	310000.00
143788.89	105500.00
382822.44	335300.00
84855.56	70200.00
208822.22	278200.00
180044.44	196400.00
424566.89	500001.00
227655.56	275000.00
80466.67	41400.00
231866.67	276600.00
145444.44	93800.00
119033.33	96300.00
109500.00	94700.00
140177.78	131500.00
207766.78	181100.00
307544.56	280400.00
231755.56	195300.00
230733.33	350000.00
68711.11	69000.00
218888.89	169700.00
272177.78	277000.00
281933.33	399200.00
124488.89	129400.00
194388.89	194400.00
186311.11	140400.00
144544.44	101400.00
311044.56	500001.00
367111.33	333800.00
90711.11	119600.00
124166.67	99100.00
107055.56	94900.00
281144.56	235600.00
176711.11	183200.00
242966.67	165900.00
448178.00	431600.00
169200.00	113500.00
65811.11	90000.00
168188.89	156000.00
216633.33	251300.00
303911.11	360400.00
205122.22	233300.00
240333.33	179100.00
118455.56	83300.00
116477.78	69800.00
111200.00	109400.00
201155.56	204300.00
64666.67	66400.00
307022.22	318500.00
102922.22	67400.00
201922.22	198800.00
68811.11	60200.00
283544.44	267800.00
230777.78	152400.00
169055.56	211300.00
261400.00	340600.00
113166.67	128300.00
301122.22	321800.00
60955.56	143300.00
267900.00	322900.00
168066.67	111300.00
215911.11	113800.00
354000.11	432400.00
145933.33	153000.00
124044.44	127900.00
287700.11	267600.00
218911.11	289400.00
398355.78	278600.00
133433.33	122500.00
193944.44	202600.00
82588.89	55000.00
270888.89	229800.00
128766.67	105500.00
337200.00	450000.00
93988.89	96000.00
218888.89	170300.00
53111.11	50800.00
223488.89	166200.00
55977.78	52900.00
248255.56	322500.00
316266.67	452800.00
285233.33	446000.00
58911.11	53500.00
175700.00	209100.00
281633.33	463600.00
482511.78	500001.00
162777.78	142900.00
296222.22	372000.00
282077.78	264100.00
168222.22	17500.00
285111.22	246400.00
225189.00	332400.00
215022.22	349300.00
140477.78	155700.00
188211.11	184500.00
264622.22	157400.00
105844.44	96500.00
139055.56	121400.00
205988.89	136000.00
274177.78	282700.00
163966.67	147500.00
445500.44	500001.00
74011.11	79800.00
250055.56	240000.00
199777.78	162500.00
148577.78	107400.00
279300.00	329500.00
243066.67	182300.00
155133.33	107000.00
184744.44	166100.00
67133.33	73000.00
159277.78	162900.00
426989.22	500001.00
155011.11	144800.00
169211.11	146900.00
134211.11	196900.00
394289.00	366800.00
249022.22	273000.00
262677.78	255600.00
105288.89	98900.00
446689.33	466100.00
350544.56	306300.00
152622.22	105500.00
343744.44	275000.00
102522.22	81400.00
224633.33	161900.00
127077.78	116700.00
136755.56	162500.00
198633.33	264700.00
199844.44	162100.00
147888.89	162500.00
268089.00	166700.00
185388.89	155600.00
324377.89	306800.00
391566.78	347800.00
176288.89	164400.00
80366.67	76600.00
205655.56	252800.00
388011.22	397700.00
133766.67	225000.00
273177.78	475000.00
343300.00	494000.00
98811.11	98300.00
201188.89	192200.00
118400.00	83400.00
223711.11	226700.00
214311.11	359100.00
70188.89	150000.00
161200.00	122100.00
189722.22	125400.00
159888.89	212500.00
203466.67	184900.00
110177.78	72900.00
215388.89	248100.00
221700.00	226900.00
207255.56	279400.00
99455.56	85500.00
242600.00	239600.00
88255.56	58800.00
265755.56	291700.00
175155.56	152500.00
143055.56	140200.00
201855.56	197900.00
131266.67	179200.00
179944.44	181500.00
213622.33	223700.00
210988.89	182700.00
225622.22	378000.00
170622.22	170600.00
225711.11	486800.00
247566.67	354700.00
176722.22	105500.00
315833.33	358800.00
175900.00	165100.00
196766.67	163900.00
161155.56	214500.00
96266.67	99500.00
81355.56	132000.00
465222.67	500001.00
223255.56	384400.00
66744.44	61100.00
207955.67	133900.00
122411.11	154300.00
295444.44	276600.00
302100.00	244800.00
96900.00	106700.00
267966.67	362500.00
158755.56	100000.00
145144.44	132600.00
205144.44	191700.00
74277.78	51700.00
292311.11	196400.00
308244.44	136500.00
135777.78	113500.00
223877.78	166300.00
130355.56	190600.00
119622.22	124000.00
126166.67	95300.00
312077.78	267400.00
484300.89	500001.00
270600.11	312300.00
190466.67	137000.00
223088.89	275000.00
306788.89	362100.00
69222.22	67900.00
119088.89	158800.00
88344.44	76800.00
112422.22	138400.00
63488.89	58400.00
53066.67	42500.00
75477.78	93500.00
121988.89	197500.00
379989.00	367700.00
167400.00	176300.00
150322.22	78700.00
305022.33	182100.00
470622.78	500001.00
104333.33	105900.00
70522.22	97800.00
214511.11	173400.00
153388.89	129700.00
168900.00	225000.00
91711.11	134000.00
173822.22	122500.00
110588.89	89800.00
188155.56	126700.00
167488.89	350000.00
106633.33	95800.00
99533.33	95300.00
268433.33	373700.00
149677.78	182700.00
259177.78	301900.00
156500.00	155300.00
442133.67	470500.00
173933.33	169200.00
158400.00	180900.00
265055.67	235400.00
345255.56	313600.00
240866.67	166900.00
228311.11	190000.00
70055.56	54100.00
129133.33	92400.00
77155.56	86600.00
191944.44	187500.00
292411.11	290600.00
95477.78	71300.00
219800.00	222500.00
203366.67	190000.00
126344.44	120000.00
193211.11	176200.00
281211.11	405900.00
184233.33	174000.00
81200.00	36700.00
258644.44	304700.00
196900.00	375000.00
230033.33	235600.00
291000.00	285300.00
229800.00	236800.00
132422.22	93000.00
84144.44	105000.00
276244.44	350000.00
110133.33	107800.00
500001.00	500001.00
227011.11	264000.00
202700.00	168400.00
329300.00	409300.00
262644.44	465800.00
174311.11	263600.00
387111.33	446200.00
142611.11	124700.00
119966.67	124700.00
247133.33	224200.00
192155.56	158300.00
137488.89	133300.00
164022.22	183100.00
133511.11	140300.00
125688.89	119000.00
348889.11	500001.00
171555.56	217500.00
191366.67	223900.00
173100.00	137000.00
247988.89	300000.00
113811.11	90500.00
496600.89	500001.00
295922.22	325000.00
107355.56	106500.00
305588.89	260300.00
103388.89	73600.00
162611.11	157800.00
137066.67	136900.00
444411.33	500001.00
187089.00	157000.00
197633.33	190800.00
207955.56	252200.00
183688.89	105800.00
132955.56	174500.00
96866.67	74500.00
145222.22	99600.00
160988.89	166300.00
106033.33	115600.00
354877.89	283300.00
109922.22	102400.00
252388.89	236200.00
145155.56	137300.00
342566.78	500001.00
476100.78	500001.00
198844.44	202800.00
161700.00	154400.00
75733.33	65800.00
146244.44	268800.00
173344.44	113500.00
300644.44	288700.00
71177.78	71000.00
340255.67	500001.00
227377.78	196700.00
166166.67	160300.00
68922.22	81300.00
134666.67	106500.00
106133.33	64900.00
183233.33	258100.00
372600.33	500001.00
153577.78	156900.00
252088.89	164000.00
234111.11	189500.00
91477.78	66600.00
202266.67	231800.00
277388.89	334100.00
159011.11	139500.00
326589.11	333600.00
294000.00	180400.00
311933.33	388500.00
160955.56	135800.00
187600.00	218800.00
317900.00	161000.00
287044.56	190100.00
142633.33	129200.00
220300.00	275000.00
246011.11	191700.00
155788.89	107500.00
64588.89	66600.00
192566.67	402500.00
105144.44	89200.00
122777.78	110600.00
206644.44	131300.00
150600.00	129600.00
156522.22	153300.00
95300.00	128600.00
109955.56	168100.00
318011.22	438500.00
52333.33	150000.00
415078.00	500000.00
169877.78	163000.00
138433.33	144300.00
95477.78	101300.00
150500.00	75000.00
227055.56	209500.00
253933.33	265000.00
328677.78	258300.00
205788.89	184600.00
194811.11	187500.00
113311.11	128100.00
95488.89	58000.00
165833.33	143400.00
106411.11	113300.00
274466.78	245000.00
335633.33	260400.00
130833.33	162500.00
81811.11	66800.00
190822.22	152800.00
115588.89	118200.00
214688.89	216000.00
267300.00	208800.00
197355.56	239300.00
274833.33	435900.00
95622.22	86600.00
139033.33	150000.00
94355.56	109200.00
267188.89	257400.00
107033.33	71900.00
324044.44	301800.00
153144.44	142500.00
255655.56	251200.00
214544.44	224600.00
244466.67	244400.00
254044.44	220000.00
142900.00	165600.00
127666.67	188500.00
199144.44	165900.00
178933.33	163900.00
135188.89	97200.00
250344.44	293800.00
282400.00	310500.00
129444.44	183300.00
285455.56	196600.00
71966.67	125000.00
149922.22	212200.00
263577.78	249000.00
209211.22	67500.00
138266.67	180800.00
484634.11	500001.00
81788.89	56000.00
94377.78	116500.00
137277.78	216100.00
451489.56	500001.00
379911.11	283900.00
156022.22	203400.00
81300.00	73400.00
55133.33	62100.00
354433.56	375000.00
328833.33	413900.00
254400.00	287200.00
253644.56	165100.00
265288.89	422200.00
226311.11	269700.00
248366.78	253200.00
243055.56	154600.00
91766.67	56400.00
60322.22	59400.00
349255.56	279900.00
283855.56	282200.00
148788.89	90800.00
202333.33	153100.00
97911.11	83000.00
170688.89	125800.00
130688.89	164100.00
229833.33	189700.00
218433.33	137500.00
316089.00	357600.00
197666.67	164700.00
182788.89	192600.00
102944.44	94900.00
137922.22	187500.00
350455.67	404500.00
114877.78	165600.00
72477.67	54300.00
213400.00	188000.00
207577.78	157500.00
78344.44	69400.00
61222.22	59100.00
237911.11	335000.00
205700.00	131000.00
146600.00	143400.00
56177.78	85700.00
66633.33	55400.00
84433.33	51900.00
154311.11	302600.00
190244.44	179100.00
409411.33	412700.00
222922.22	240800.00
459211.67	359400.00
221200.00	118000.00
472745.11	500001.00
171611.11	135700.00
170311.11	133300.00
360766.78	404500.00
297155.56	330000.00
121744.44	120000.00
122322.22	116100.00
154900.00	156100.00
97366.67	84700.00
171077.78	186900.00
147411.11	111400.00
180400.00	181400.00
264544.44	216800.00
123766.67	90500.00
299588.89	217200.00
294688.89	351800.00
117600.00	93000.00
218422.33	188500.00
267611.22	435700.00
217355.56	228700.00
393055.67	443800.00
300400.00	313800.00
211133.33	185800.00
476433.78	500001.00
219055.56	158700.00
145166.67	131100.00
137288.89	90500.00
205833.33	171900.00
100777.78	98200.00
122800.00	132800.00
56144.44	63200.00
266433.33	258300.00
104677.78	134600.00
201977.78	131300.00
255033.33	297900.00
145711.11	102300.00
159744.44	150000.00
357555.67	422900.00
227722.22	353100.00
66733.33	69900.00
284644.44	321100.00
159644.44	123800.00
129200.00	112500.00
161966.67	122800.00
178411.11	230600.00
283622.22	320700.00
283433.33	330300.00
186655.56	186500.00
276966.67	259400.00
94200.00	112500.00
200911.11	251600.00
238088.89	232800.00
222633.33	255400.00
204311.11	222000.00
222577.78	112500.00
148477.78	140400.00
427022.44	309100.00
187500.00	184600.00
279333.33	249500.00
256755.56	452100.00
176344.44	146400.00
277644.44	406900.00
200700.00	262500.00
282744.44	236900.00
244033.33	192200.00
482567.44	500001.00
254300.00	183300.00
291911.11	306700.00
196533.33	135600.00
475578.44	500001.00
169222.22	155500.00
491934.11	406200.00
208300.00	214200.00
202722.22	210000.00
243877.78	235500.00
83188.89	50800.00
70066.67	48300.00
153855.56	158500.00
85800.00	321900.00
124577.78	96300.00
62344.44	258300.00
141344.44	110200.00
197444.44	245400.00
290611.11	251200.00
260222.33	236900.00
172122.22	161200.00
139400.00	215600.00
144477.78	151800.00
326511.22	376000.00
94666.67	110700.00
157955.56	107200.00
261322.22	261300.00
225688.89	222800.00
191888.89	212000.00
88744.44	98700.00
251877.78	225000.00
212777.78	381800.00
378077.78	306700.00
195622.22	199700.00
402666.67	358500.00
166155.56	187200.00
129944.44	237500.00
57044.44	61600.00
117588.89	104200.00
184066.67	162200.00
203600.00	167800.00
136622.22	105000.00
190788.89	220000.00
173300.00	350000.00
336955.56	333600.00
194600.00	251400.00
213733.33	305800.00
173277.78	215600.00
129822.22	151100.00
255111.22	241500.00
189222.22	225000.00
219677.89	170800.00
225489.00	196400.00
157733.33	162500.00
233766.67	237900.00
252311.11	396200.00
166222.22	158100.00
218911.11	212300.00
196188.89	178400.00
57744.44	53900.00
322777.78	312500.00
221266.67	177900.00
115466.67	125000.00
142244.44	127300.00
330622.33	420000.00
150622.22	113900.00
259422.22	75700.00
325866.67	335500.00
77422.22	121900.00
69000.00	85800.00
325444.56	298900.00
226288.89	178100.00
74333.33	79300.00
176300.00	183900.00
254755.67	238600.00
175055.56	137500.00
185322.22	163900.00
115144.44	107200.00
101811.11	118800.00
179744.44	168100.00
335611.33	248200.00
239844.56	94000.00
175700.00	151700.00
170088.89	151800.00
106900.00	70200.00
201244.44	204200.00
500001.00	500001.00
301677.89	328100.00
99588.89	105700.00
101711.11	60000.00
84066.67	81100.00
342388.89	361400.00
126733.33	69000.00
500001.00	500001.00
243633.33	184100.00
168544.44	259800.00
80044.44	112500.00
107655.56	116700.00
212044.44	450000.00
118244.44	118000.00
243044.56	137500.00
200822.22	233100.00
111933.33	97500.00
268422.33	224000.00
189800.00	193600.00
112333.33	92400.00
190988.89	143600.00
230533.33	202100.00
169844.44	171300.00
278000.00	267500.00
78077.78	52700.00
252322.22	316700.00
279811.22	282200.00
354800.33	385200.00
253500.00	210500.00
115022.22	97500.00
178222.22	145600.00
403789.22	325700.00
119588.89	93700.00
192533.33	143400.00
289422.22	315100.00
161377.78	179400.00
278589.00	302400.00
178966.67	106900.00
311111.22	340800.00
208066.67	236000.00
124744.44	107200.00
269633.33	341300.00
215988.89	215800.00
156400.00	109100.00
127488.89	152400.00
87388.89	95800.00
262044.44	166400.00
194111.11	189900.00
448644.78	354300.00
127355.56	143200.00
196255.56	113500.00
343144.56	264300.00
465022.78	477800.00
71233.33	69600.00
190955.56	234600.00
127155.56	168900.00
179544.44	121100.00
300822.33	260300.00
238066.67	258300.00
149277.78	170800.00
212266.67	80700.00
96044.44	95800.00
153733.33	362500.00
192877.78	163300.00
85066.67	43500.00
266000.11	154200.00
148455.56	260900.00
284411.11	290500.00
500001.00	500001.00
166522.22	125000.00
151866.67	80400.00
114688.89	97000.00
171022.22	154200.00
269222.33	187200.00
447467.22	500001.00
143933.33	188800.00
193355.56	170700.00
267211.22	236100.00
200088.89	140400.00
120388.89	96900.00
472067.11	500001.00
185500.00	110700.00
269500.11	223900.00
230255.56	172500.00
201755.56	191800.00
125344.44	121300.00
122188.89	143400.00
300066.89	183600.00
131888.89	159400.00
155766.67	174100.00
70455.56	63900.00
194066.67	340600.00
201922.22	164800.00
164577.78	153700.00
177677.78	220100.00
120377.78	114100.00
199855.56	172700.00
133888.89	135300.00
218722.22	209800.00
128955.56	159000.00
219477.78	161300.00
292800.00	301900.00
191933.33	136700.00
234466.67	214100.00
128800.00	96700.00
318800.22	457500.00
308800.00	273700.00
83500.00	101800.00
138377.78	137500.00
72566.67	87800.00
282600.00	368300.00
494867.56	500001.00
174055.56	189700.00
500001.00	500001.00
193744.44	178200.00
136377.78	190000.00
203700.00	276500.00
190777.78	194000.00
219633.44	394000.00
100433.33	58600.00
462067.22	483300.00
258877.78	397800.00
194744.44	156000.00
73366.67	59300.00
221744.44	168800.00
274966.67	171900.00
201911.11	197600.00
267366.67	302100.00
291577.78	287600.00
185466.67	200400.00
66833.33	43300.00
182955.56	316700.00
199522.22	73800.00
323500.00	342300.00
246477.78	202000.00
89477.78	500001.00
239577.78	275700.00
228722.22	254800.00
83444.44	76400.00
414900.44	431000.00
175722.22	156300.00
68277.78	69600.00
87488.89	89900.00
288511.11	275000.00
108844.44	124500.00
190944.44	201900.00
222422.33	133800.00
202733.33	158500.00
128211.11	134400.00
399711.33	481500.00
174433.33	134200.00
75777.78	137500.00
156266.67	74800.00
192844.44	270500.00
206044.44	328800.00
96544.44	86100.00
447255.89	423700.00
74266.67	65500.00
119000.00	113500.00
203544.44	208900.00
173700.00	162500.00
90811.11	94700.00
168411.11	154300.00
200011.11	231700.00
124544.44	116100.00
89933.33	92400.00
161211.11	137900.00
104500.00	139000.00
98855.56	104100.00
215133.33	194600.00
238744.44	267500.00
209255.56	245300.00
336433.44	500001.00
256611.11	190800.00
95222.22	103800.00
127511.11	113700.00
117955.56	122700.00
205300.00	236400.00
157877.78	145200.00
216755.56	251200.00
176144.44	148800.00
265922.33	287500.00
163788.89	194100.00
287533.33	420300.00
74344.44	68500.00
316422.33	395000.00
284288.89	111700.00
70411.11	66600.00
319555.67	382200.00
358600.11	354400.00
133411.11	107700.00
194544.44	266700.00
234188.89	224400.00
250200.00	323800.00
235544.44	287500.00
116344.44	81600.00
166277.78	122500.00
240266.67	152900.00
261933.44	266400.00
75811.11	107800.00
277700.00	356800.00
295155.56	271200.00
177277.78	170400.00
228588.89	173200.00
176444.44	155100.00
118966.67	146700.00
116522.22	165600.00
219155.56	201500.00
245611.11	310000.00
109544.44	162500.00
306855.56	204100.00
146877.78	146600.00
142288.89	159300.00
180288.89	174400.00
141711.11	158000.00
216377.78	500001.00
276944.44	221200.00
207344.44	136300.00
246555.56	286100.00
223544.44	198400.00
106666.67	87500.00
500001.00	500001.00
184200.00	125600.00
230900.00	228200.00
134855.56	177300.00
129144.44	247400.00
204711.11	200000.00
189400.00	128300.00
193355.56	155000.00
212611.11	185800.00
85677.78	137500.00
187533.44	42500.00
248544.44	320500.00
204700.00	208200.00
233200.00	232400.00
423655.67	363000.00
258788.89	221000.00
168955.56	47500.00
247433.33	327200.00
127944.44	141700.00
107177.78	150300.00
177755.56	217000.00
110044.44	104300.00
200377.78	213300.00
245555.56	175800.00
500001.00	500001.00
254355.56	237500.00
114788.89	151500.00
116377.78	81800.00
369200.00	500001.00
162866.78	149500.00
216822.22	208200.00
191177.78	252600.00
115711.11	350000.00
409000.00	294500.00
135488.89	95600.00
59355.56	54100.00
72911.11	66300.00
473411.78	500001.00
258677.78	203900.00
340411.22	351100.00
374411.33	300900.00
283255.67	328900.00
161366.67	145700.00
258933.44	248300.00
224700.00	229300.00
293600.00	500001.00
205900.00	187000.00
500001.00	500001.00
264433.44	231200.00
245300.00	273100.00
198500.00	256700.00
200611.11	162000.00
183711.11	112500.00
84722.22	77100.00
334711.11	341400.00
234177.78	294100.00
64166.67	62800.00
115577.78	133100.00
325600.00	316400.00
156722.22	157500.00
403678.00	405000.00
252166.67	328400.00
184400.00	198400.00
234577.78	225600.00
396089.00	376000.00
142533.33	87800.00
416789.11	425800.00
209155.56	167600.00
184233.33	271200.00
237744.44	263300.00
106855.56	97200.00
278444.44	327300.00
93000.00	104200.00
191888.89	201000.00
106233.33	111800.00
136800.00	159500.00
157077.78	126700.00
321577.89	382500.00
115833.33	123500.00
106933.33	88400.00
315244.56	500001.00
119577.78	97100.00
262055.56	196200.00
167177.78	139800.00
160600.00	111400.00
334766.67	230800.00
287855.56	276500.00
80988.89	70000.00
265944.56	195000.00
239322.22	240900.00
197477.78	225000.00
373366.78	347400.00
220055.56	225000.00
218744.44	148400.00
158800.00	109900.00
303500.00	226800.00
141944.44	364700.00
251444.44	192300.00
301277.89	252700.00
145677.78	79400.00
271955.56	246400.00
302322.22	207900.00
102833.33	88000.00
150533.33	139000.00
124544.44	200000.00
153322.22	94700.00
362455.67	500001.00
157377.78	135400.00
178066.67	153800.00
172722.22	196300.00
198500.00	144100.00
189866.67	270800.00
119033.33	116800.00
70277.78	51700.00
274333.44	271100.00
176911.11	276000.00
237722.22	219400.00
488556.44	500001.00
245288.89	266100.00
220633.33	234200.00
187300.00	205000.00
95855.56	105700.00
163666.67	170700.00
164322.22	144800.00
130155.56	124900.00
321088.89	302400.00
473778.56	500001.00
239133.33	194700.00
172966.67	361700.00
261466.89	231600.00
125255.56	124700.00
132611.11	187500.00
105244.44	168800.00
360466.67	346100.00
215155.56	100000.00
500001.00	500001.00
185100.00	96100.00
189166.67	140900.00
161533.33	131300.00
76911.11	63000.00
65888.89	72200.00
117866.67	93400.00
91466.67	68800.00
55800.00	61900.00
109266.67	93000.00
184666.67	94300.00
144755.56	157800.00
168866.67	174900.00
262766.67	314800.00
174977.78	150000.00
101833.33	118800.00
198255.56	320800.00
130433.33	96400.00
119977.78	105700.00
70333.33	72300.00
146755.56	175000.00
235722.22	240700.00
95722.22	126400.00
179188.89	206300.00
131922.22	125000.00
245711.11	251100.00
143755.56	164400.00
382955.56	398200.00
122766.67	97500.00
232100.00	331600.00
181344.44	152200.00
364600.11	268700.00
93555.56	68000.00
71755.56	47500.00
74022.22	73700.00
154300.00	212000.00
290088.89	246100.00
125633.33	184400.00
261966.67	312500.00
96655.56	96100.00
171488.89	158900.00
300622.33	299400.00
264011.11	238900.00
153222.22	253600.00
203833.33	360300.00
176988.89	195500.00
183411.11	241400.00
327211.11	363500.00
65244.44	53200.00
202866.67	322800.00
181966.67	157300.00
218133.33	209100.00
88411.11	88000.00
254822.22	231500.00
148166.67	137400.00
140555.56	142100.00
201477.78	223200.00
123466.67	90400.00
500001.00	500001.00
187300.00	157100.00
284100.00	394400.00
288833.44	328200.00
238444.44	223200.00
163588.89	198400.00
145866.67	98600.00
162288.89	100600.00
243755.56	231600.00
357155.67	334000.00
264688.89	252400.00
72133.33	76200.00
500001.00	500001.00
284777.89	212300.00
70466.67	40000.00
313644.44	432100.00
57944.44	53800.00
452867.11	411200.00
68844.44	90600.00
254144.56	132200.00
461967.11	500001.00
104711.11	95000.00
194211.11	227600.00
233588.89	205300.00
97222.22	79200.00
322966.78	172600.00
153588.89	171300.00
153355.56	117300.00
349222.22	342000.00
245277.78	187100.00
133433.33	107900.00
227511.11	283000.00
99433.33	76100.00
261055.67	236500.00
215411.11	211100.00
107422.22	71300.00
238133.33	273500.00
191022.22	224100.00
341588.89	443300.00
150400.00	115000.00
259700.00	333500.00
128622.22	73500.00
84166.67	105800.00
288577.89	288500.00
161800.00	190800.00
144511.11	126600.00
273466.78	52500.00
205777.78	325000.00
180177.78	121800.00
203688.89	289600.00
237300.00	229800.00
157244.44	205100.00
130900.00	149300.00
68011.11	58500.00
162188.89	203800.00
179555.56	127600.00
136877.78	124700.00
222211.11	222500.00
167222.22	106400.00
117777.78	103800.00
192844.44	183100.00
271177.78	203700.00
293022.22	181800.00
128066.67	88200.00
205155.56	266300.00
69588.89	112500.00
96266.67	62800.00
230022.33	248700.00
159055.56	153200.00
261522.22	296300.00
118144.44	169100.00
118722.22	129200.00
182966.67	187100.00
99822.22	143000.00
197100.00	192300.00
103355.56	118800.00
114188.89	131600.00
233866.78	233900.00
142611.11	150000.00
249288.89	255800.00
91355.56	91000.00
193633.33	180000.00
131822.22	104400.00
155966.67	159200.00
254955.56	326700.00
119366.67	106900.00
186044.44	109300.00
72511.11	74900.00
92222.22	126300.00
217333.33	204000.00
216877.78	182700.00
131344.44	143800.00
347889.00	379500.00
241033.33	255100.00
312689.00	182300.00
233200.00	334600.00
128244.44	88300.00
102244.44	181300.00
244377.89	131600.00
62633.33	66200.00
272922.22	274600.00
202344.44	183500.00
266200.00	436700.00
115477.78	45000.00
138566.67	125700.00
132233.33	104000.00
118422.22	190600.00
198722.22	192400.00
104266.67	128300.00
86455.56	98100.00
72344.44	74500.00
144366.67	153100.00
293311.22	237200.00
69911.11	57000.00
87766.67	130300.00
314133.67	495500.00
150711.11	184100.00
129200.00	261600.00
242700.00	153500.00
209433.33	170800.00
164177.78	153900.00
229644.44	160900.00
133011.11	80600.00
190400.00	209100.00
108955.56	72800.00
140244.44	123700.00
155411.11	160800.00
184022.22	189900.00
191822.22	274200.00
193955.56	156500.00
320155.67	333700.00
230033.33	219400.00
213700.00	207100.00
301300.11	193800.00
267877.78	209900.00
188100.00	229200.00
345477.78	286600.00
70588.89	68600.00
289422.33	306800.00
153477.78	168100.00
290789.00	166800.00
205833.33	188800.00
175477.78	163200.00
183255.56	222600.00
178511.11	226800.00
232088.89	190600.00
172344.44	146700.00
137111.11	162500.00
279422.22	364600.00
298122.33	441100.00
495800.89	495600.00
179166.67	132500.00
148700.00	129200.00
296811.11	442100.00
142688.89	95000.00
343344.44	492900.00
267733.44	337500.00
153022.22	132700.00
210377.78	267900.00
171544.44	160600.00
279611.11	226100.00
204400.00	184100.00
189844.44	172600.00
353355.67	369700.00
242088.89	276200.00
314433.33	332900.00
253144.44	318800.00
214255.56	139500.00
197211.11	269700.00
118766.67	211800.00
158355.56	176600.00
194755.56	185900.00
210444.44	238000.00
159133.33	115500.00
171588.89	235900.00
289477.78	258200.00
231588.89	244900.00
139677.78	101400.00
60755.56	95800.00
217633.33	219000.00
191566.67	205800.00
130611.11	132500.00
327744.67	258000.00
56388.89	52800.00
253088.89	223800.00
344222.44	252600.00
201888.89	164800.00
303477.78	266400.00
186377.78	192000.00
214211.11	182300.00
55833.33	59800.00
97177.78	69600.00
183566.67	232000.00
305455.56	367900.00
296266.78	332800.00
213588.89	143900.00
202122.22	171600.00
213366.67	205000.00
422655.78	500001.00
197855.56	97200.00
93633.33	129800.00
221622.33	319700.00
384933.56	488500.00
88977.78	85000.00
220433.33	196600.00
381044.44	435800.00
98133.33	95000.00
166988.89	102700.00
307055.56	376600.00
118177.78	136200.00
186688.89	196300.00
356644.56	500001.00
102144.44	110300.00
187333.33	133300.00
163500.00	295400.00
158488.89	139600.00
137233.33	156300.00
480067.44	500001.00
213611.11	235300.00
198255.56	171400.00
176622.22	197500.00
204133.33	429000.00
187677.78	160300.00
272466.67	233100.00
167966.67	170000.00
92800.00	75300.00
267388.89	346700.00
365266.78	267900.00
362277.89	500001.00
117666.67	77400.00
66300.00	88800.00
242755.56	260100.00
68155.56	62500.00
376489.00	225000.00
119622.22	165000.00
65577.78	85100.00
296766.67	343500.00
203866.67	342900.00
298688.89	289400.00
170066.67	156800.00
268877.78	152100.00
132177.78	137200.00
134211.11	100100.00
125088.89	100000.00
163644.44	139600.00
316955.56	289800.00
213800.00	262500.00
133422.22	134000.00
190222.22	216500.00
201444.44	158300.00
459100.44	242000.00
203200.00	99100.00
143400.00	103500.00
122377.78	91900.00
271555.67	249400.00
94900.00	109700.00
114588.89	150000.00
76444.44	94200.00
197900.00	115200.00
82900.00	63300.00
197500.00	186300.00
178655.56	152100.00
95833.33	137500.00
92344.44	64400.00
63288.89	54000.00
118255.56	97900.00
68466.67	63300.00
86800.00	53300.00
155744.44	180400.00
110044.44	148800.00
226411.11	180900.00
305722.22	343100.00
206733.33	165400.00
157288.89	127100.00
85833.33	100600.00
92655.56	119400.00
500001.00	500001.00
111877.78	116300.00
265888.89	187800.00
107522.22	127100.00
154200.00	99400.00
125011.11	125800.00
253266.67	297600.00
131111.11	123800.00
265944.56	250000.00
233922.22	500001.00
276422.22	313800.00
404900.22	332700.00
191944.44	137500.00
396278.00	500001.00
166644.44	120800.00
169355.56	136000.00
276344.44	493300.00
243166.67	267100.00
300344.44	235700.00
218244.44	164900.00
137000.00	147900.00
96055.56	147100.00
105588.89	138300.00
195022.22	185500.00
192622.22	156900.00
459900.44	500001.00
177333.33	131600.00
314811.11	500001.00
191000.00	325000.00
119311.11	68600.00
298289.00	182100.00
478900.67	430200.00
164933.33	147500.00
425578.00	500001.00
133411.11	88900.00
240166.67	414000.00
114466.67	105200.00
182833.33	236800.00
182344.44	161500.00
311322.33	500001.00
210222.22	170800.00
110400.00	123600.00
80311.11	83000.00
218322.33	172400.00
247744.56	167300.00
369966.78	287100.00
202566.67	202400.00
193388.89	247800.00
201811.11	193800.00
231455.56	246200.00
350889.11	500001.00
273877.78	203500.00
272622.22	432800.00
208377.78	244400.00
62766.67	54800.00
72088.89	65800.00
102622.22	90900.00
188700.00	153000.00
147933.33	212500.00
168855.56	209500.00
100144.44	86900.00
169033.33	143800.00
235844.44	243100.00
216977.78	95700.00
225244.44	267400.00
184088.89	244500.00
285400.00	218100.00
222789.00	156000.00
146477.78	180500.00
199422.22	159700.00
139966.67	139200.00
332266.89	500001.00
82588.89	112500.00
196255.56	283600.00
500001.00	500001.00
54355.56	41500.00
84511.11	87100.00
204011.11	166800.00
185988.89	134500.00
152522.22	147200.00
178488.89	71300.00
170411.11	137500.00
347233.33	500001.00
207622.22	378600.00
146488.89	103200.00
242611.11	361000.00
350011.22	497400.00
226522.22	221800.00
414711.33	350400.00
204277.78	170600.00
135555.56	104000.00
153433.33	120000.00
115511.11	72300.00
157866.67	170500.00
232800.00	207200.00
171477.78	169500.00
164388.89	162900.00
204122.22	267100.00
348577.78	386600.00
273955.56	319000.00
154155.56	208300.00
207077.78	144000.00
293688.89	316900.00
159388.89	105400.00
248777.78	241200.00
338933.33	345100.00
219633.33	231700.00
367566.89	303200.00
278966.67	420000.00
224722.22	230800.00
230088.89	274400.00
272100.11	240000.00
279600.11	159700.00
113977.78	146200.00
80055.56	70400.00
267000.00	112500.00
129166.67	63800.00
178611.11	112500.00
88377.78	104600.00
219755.67	187500.00
227877.89	187500.00
276611.22	245100.00
345044.56	331000.00
226622.22	227700.00
205133.33	180000.00
248711.11	190300.00
201777.78	158500.00
108222.22	82800.00
308722.33	348600.00
113966.67	130600.00
332322.33	218200.00
208355.56	274600.00
161000.00	260800.00
69677.78	44000.00
87466.67	101600.00
126477.78	141500.00
482511.78	500001.00
220766.67	222500.00
500001.00	500001.00
130133.33	159400.00
176144.44	164800.00
168322.22	186900.00
127600.00	121300.00
85500.00	101300.00
115033.33	106000.00
120311.11	162500.00
210700.00	212500.00
153411.11	139100.00
69855.56	92400.00
389555.89	384600.00
113722.22	110600.00
200500.00	243800.00
189522.22	165400.00
129666.67	109500.00
107255.56	91600.00
120288.89	98000.00
144277.78	120800.00
370633.44	288500.00
178877.78	141100.00
249711.11	313900.00
250033.33	277800.00
166122.22	180000.00
147322.22	115400.00
103033.33	102900.00
231844.44	179500.00
241166.67	217500.00
181977.78	252800.00
191355.56	228000.00
77222.22	84700.00
123944.44	73100.00
228222.22	232600.00
254344.44	273400.00
102866.67	128100.00
220733.33	106300.00
397844.56	380000.00
207644.44	325000.00
186088.89	152500.00
222066.67	251700.00
92922.22	75800.00
162744.44	126100.00
235466.67	264100.00
265911.22	350900.00
334255.56	293200.00
307411.11	238600.00
247411.11	239900.00
236077.78	265200.00
381966.67	387900.00
376288.89	500001.00
105455.56	79300.00
278300.00	315600.00
272077.78	248400.00
267911.11	283700.00
123055.56	162500.00
160844.44	169500.00
73533.33	73000.00
119444.44	76200.00
333155.56	193800.00
290366.67	345500.00
208688.89	375000.00
213955.56	215000.00
74155.56	90400.00
268766.67	246300.00
143400.00	95600.00
79477.78	65600.00
261389.00	305800.00
83811.11	101500.00
152877.78	150400.00
180955.56	185200.00
334844.56	377000.00
54633.33	52100.00
256333.33	461500.00
156122.22	138100.00
198300.00	195600.00
215255.56	186800.00
252300.00	188400.00
130200.00	131900.00
208833.33	215400.00
460478.11	453800.00
242100.00	224600.00
99644.44	124100.00
363300.00	455400.00
244277.78	204100.00
64477.78	57600.00
317900.33	225000.00
168400.00	151600.00
296788.89	458600.00
76533.33	128900.00
287100.11	268800.00
143133.33	163600.00
192188.89	90000.00
130111.11	151800.00
247922.22	200600.00
196144.44	168600.00
336411.11	343400.00
102277.78	78000.00
229044.44	385400.00
416944.89	500001.00
121622.22	77200.00
140411.11	97100.00
320855.56	364500.00
223800.00	222500.00
113122.22	117200.00
138733.33	100000.00
186511.11	189700.00
151100.00	114900.00
246911.11	318900.00
101844.44	88400.00
122755.56	86000.00
275833.44	324000.00
137577.78	153400.00
176733.33	81300.00
252411.11	210700.00
102266.67	89000.00
195444.44	500001.00
154277.78	159600.00
194655.56	275000.00
319944.44	461200.00
140633.33	83600.00
328811.22	348200.00
227622.33	315000.00
235222.22	305800.00
384333.67	261400.00
369878.00	462900.00
287855.67	300000.00
81488.89	92200.00
185344.44	162500.00
219166.78	500001.00
356311.22	446700.00
270355.56	210900.00
337888.89	468800.00
90011.11	148000.00
103422.22	134100.00
56155.56	58700.00
138144.44	139300.00
173677.78	174800.00
65288.89	50600.00
56655.56	72800.00
223622.22	265100.00
79288.89	72100.00
350344.56	337500.00
307466.67	335500.00
188911.11	147100.00
347500.00	311400.00
83622.22	60900.00
187044.44	168300.00
141111.11	105000.00
169233.33	226700.00
193977.78	181800.00
184977.78	153500.00
84733.33	89100.00
191800.00	172100.00
166622.22	135700.00
182666.67	156800.00
194044.44	196500.00
241144.44	230100.00
120000.00	143400.00
284255.56	164400.00
111733.33	66300.00
237533.33	135700.00
162422.22	206300.00
304566.67	290300.00
139077.78	111500.00
137400.00	107300.00
222044.44	216700.00
401933.56	400000.00
341433.67	352600.00
165433.33	90800.00
252866.67	229100.00
169777.78	138200.00
110777.78	93400.00
217211.11	205400.00
192077.78	179400.00
210566.67	353100.00
256111.11	361700.00
427578.00	479500.00
186266.67	204300.00
148733.33	152500.00
70166.56	73500.00
139566.67	88500.00
182711.11	109900.00
322077.89	324200.00
261811.11	248700.00
113644.44	92600.00
224989.00	221100.00
172766.67	235700.00
248822.22	193100.00
271333.44	222500.00
496600.89	500001.00
135266.67	133400.00
166888.89	174200.00
219555.56	186200.00
102811.11	126000.00
368344.44	500001.00
286500.00	241300.00
369811.22	438900.00
244500.00	258300.00
244877.78	190500.00
211777.78	182400.00
134922.22	140000.00
219833.33	316100.00
379377.78	279300.00
157344.44	192000.00
133411.11	99900.00
122133.33	152800.00
153377.78	135400.00
184255.56	204200.00
199066.67	165000.00
239811.22	169600.00
252922.22	228000.00
246044.44	374200.00
119055.56	91100.00
118577.78	114600.00
176888.89	218600.00
184022.22	121900.00
207511.11	184400.00
411200.22	455900.00
405100.11	353900.00
134477.78	116600.00
327533.44	392900.00
105844.44	68100.00
270088.89	213200.00
111333.33	133500.00
214166.67	144100.00
233911.22	241700.00
325822.33	282000.00
343589.00	324700.00
113466.67	123900.00
260822.22	285800.00
167955.56	195100.00
213788.89	162500.00
203477.89	137500.00
370200.22	290100.00
105944.44	116800.00
185933.33	167800.00
289666.78	380400.00
191366.67	218200.00
98233.33	99600.00
218644.44	225200.00
197122.22	417500.00
288944.44	214600.00
61855.56	55400.00
372600.22	270900.00
211600.00	173900.00
197555.56	200000.00
130966.67	107500.00
135722.22	98300.00
141500.00	150000.00
290533.44	202000.00
169600.00	203800.00
122088.89	112800.00
364888.89	340700.00
171977.78	167000.00
155288.89	242000.00
178922.22	143400.00
84355.56	92600.00
212088.89	76600.00
224944.44	226500.00
127466.67	156000.00
254766.67	269300.00
320822.33	394300.00
168788.89	154000.00
234922.22	157700.00
83888.89	68100.00
234966.67	256000.00
95244.44	86900.00
282166.67	425900.00
314800.00	461300.00
286977.78	288300.00
185311.11	222600.00
262922.22	345000.00
209800.00	95300.00
205244.44	206500.00
126355.56	166800.00
110588.89	141700.00
153677.78	220000.00
158322.22	126500.00
118433.33	77500.00
411300.22	465600.00
87288.89	108000.00
126611.11	173800.00
97777.78	74600.00
179933.33	185700.00
116000.00	155400.00
97200.00	91900.00
255522.33	500000.00
77277.78	100000.00
455545.00	500001.00
119744.44	118800.00
231000.00	210700.00
81255.56	71900.00
211877.78	232500.00
215522.22	243600.00
59411.11	50400.00
196844.44	279900.00
242433.33	203700.00
251255.56	179400.00
355077.78	386400.00
103566.67	139300.00
72088.89	76100.00
193344.56	150000.00
234022.22	231600.00
159622.22	46700.00
198188.89	164900.00
170044.44	133500.00
207111.11	165300.00
230044.44	153000.00
109077.78	94600.00
149877.78	115700.00
235122.22	213400.00
159377.78	164200.00
225355.56	295700.00
78166.56	67500.00
248700.00	257300.00
134744.44	268300.00
188433.33	173100.00
69677.78	78200.00
145277.78	93800.00
52255.56	53100.00
71188.89	70700.00
259200.00	296600.00
131088.89	105800.00
230233.33	209100.00
175355.56	219300.00
318977.78	284600.00
184855.56	392100.00
234111.11	218400.00
180111.11	196800.00
416966.89	361500.00
191588.89	147200.00
181955.56	173800.00
359133.44	290200.00
104233.33	100000.00
166788.89	156500.00
218533.33	214400.00
78388.89	70500.00
157922.22	173100.00
388055.67	351900.00
164811.11	158500.00
136511.11	111100.00
156700.00	161500.00
166855.56	150000.00
159666.67	138200.00
248977.78	210500.00
190922.22	279500.00
144100.00	102800.00
154555.56	184500.00
200522.22	186300.00
240100.00	156800.00
171077.78	103900.00
329733.44	434000.00
82900.00	102300.00
174200.00	143500.00
114844.44	149000.00
105344.44	100000.00
151144.44	125000.00
427078.33	500001.00
77755.56	87500.00
260288.89	164100.00
275477.89	161800.00
135022.22	216100.00
164288.89	154200.00
156811.11	137200.00
308066.78	241400.00
56677.78	50800.00
182122.22	121300.00
234755.56	325800.00
254300.00	185100.00
251855.67	188400.00
276122.22	320600.00
74966.67	60300.00
180955.56	204700.00
335466.67	260100.00
120722.22	143200.00
149400.00	218800.00
146800.00	231300.00
89166.67	179500.00
205411.11	216600.00
329022.22	417300.00
390522.44	373600.00
187488.89	193700.00
319455.56	400000.00
201566.67	191700.00
125677.78	155000.00
88766.67	139500.00
181411.11	176000.00
97555.56	67000.00
183844.44	169500.00
232266.67	313900.00
131288.89	122500.00
188688.89	189600.00
269488.89	387300.00
153366.67	141200.00
211822.22	209200.00
276222.22	242500.00
458000.78	500001.00
164266.67	161300.00
127111.11	135200.00
84166.67	92700.00
152133.33	152500.00
397389.00	344600.00
106522.22	101200.00
174866.67	207100.00
153911.11	79000.00
112488.89	92300.00
209311.11	184800.00
450789.44	352200.00
151844.44	160700.00
262422.22	240200.00
206066.67	255900.00
224388.89	150000.00
129111.11	134700.00
169477.78	377200.00
158777.78	113700.00
131011.11	109800.00
132522.22	102500.00
129388.89	137500.00
63755.56	71900.00
89133.33	98800.00
409367.00	500001.00
203611.11	209000.00
250488.89	193400.00
272211.11	265700.00
84844.44	61400.00
185344.56	161100.00
130633.33	158700.00
300577.89	226300.00
402911.44	500001.00
225733.33	292500.00
300166.67	245000.00
170866.67	166700.00
84444.44	67600.00
96677.78	83200.00
222933.33	153100.00
276044.44	333900.00
203511.11	130800.00
233155.56	203100.00
185933.33	192400.00
185266.67	144600.00
197566.67	214800.00
225100.00	229800.00
104677.78	143800.00
199722.22	160800.00
178277.78	151000.00
131522.22	129200.00
120511.11	116300.00
137477.78	92500.00
246766.67	364800.00
431466.78	500001.00
298300.11	185100.00
105588.89	93800.00
203522.22	127100.00
150122.22	107900.00
159488.89	195300.00
261822.22	247200.00
229266.67	211900.00
186511.11	260000.00
234755.56	246700.00
49444.44	52300.00
109455.56	86100.00
122055.56	123000.00
194200.00	375000.00
201711.11	201800.00
79344.44	87500.00
86955.56	78800.00
177611.11	146400.00
65622.22	61200.00
73411.11	69400.00
74577.78	85900.00
341033.44	303900.00
130288.89	118600.00
157911.11	143900.00
153177.78	131000.00
259711.11	209400.00
267211.11	236100.00
290422.33	235800.00
141133.33	132300.00
174333.33	113600.00
223711.11	203300.00
167766.67	268200.00
231533.33	234800.00
96355.56	76200.00
153900.00	110400.00
237800.00	179700.00
129366.67	136600.00
208500.00	176600.00
222911.11	189600.00
87155.56	85700.00
70300.00	68100.00
237122.22	325400.00
286133.33	372600.00
82577.78	22500.00
173833.33	500001.00
302777.78	340900.00
317155.56	370000.00
325922.22	204200.00
145855.56	107000.00
216211.11	195500.00
187989.00	144100.00
89511.11	113700.00
290944.44	351900.00
165033.33	102100.00
111933.33	87500.00
66688.89	46300.00
156544.44	161100.00
191766.67	192100.00
174511.11	166100.00
273777.89	112500.00
122011.11	293300.00
330655.56	392800.00
203911.11	238500.00
133433.33	125000.00
267800.00	387500.00
247022.22	315200.00
112633.33	113900.00
290122.33	261500.00
256733.33	225000.00
161177.78	161500.00
135800.00	165900.00
145700.00	98700.00
226411.11	255300.00
88277.78	76800.00
342688.89	240900.00
153944.44	171100.00
360622.33	356300.00
279444.44	270500.00
242588.89	245300.00
147922.22	158200.00
137311.11	119800.00
153633.33	118500.00
115400.00	160700.00
274255.56	317800.00
303833.33	332500.00
256266.67	206300.00
161244.44	133800.00
164433.33	173900.00
53533.33	55200.00
229044.56	156000.00
401022.44	335700.00
89233.33	85700.00
395677.89	500001.00
143100.00	220300.00
496600.89	500001.00
274222.22	440500.00
184244.44	320000.00
279233.33	500001.00
438167.11	500001.00
310800.00	345900.00
147911.11	136300.00
159433.33	142300.00
254966.67	423200.00
336522.33	500001.00
186488.89	287500.00
160566.67	217900.00
245822.22	427600.00
234533.33	231600.00
295855.56	260700.00
101455.56	89400.00
82577.78	75000.00
196811.11	165700.00
207022.22	162500.00
134322.22	93600.00
132255.56	337200.00
254700.00	353500.00
310277.78	216500.00
159900.00	189900.00
169011.11	208300.00
68177.78	55200.00
250700.00	180400.00
354955.56	417000.00
324177.78	338800.00
295966.78	448100.00
353633.56	393500.00
137177.78	143800.00
232155.56	204900.00
500001.00	416700.00
392689.11	500001.00
190000.00	160300.00
190844.44	262500.00
291544.44	287700.00
75244.44	54200.00
127711.11	119500.00
240155.56	285200.00
172100.00	127800.00
157877.78	164400.00
200133.33	230500.00
68422.22	73000.00
230477.78	128000.00
145833.33	118500.00
208644.44	282300.00
206022.22	500001.00
67911.11	93800.00
244388.89	179500.00
115677.78	83500.00
282022.33	241000.00
200977.78	176500.00
323155.56	330100.00
167688.89	186300.00
259600.00	306300.00
160211.11	145300.00
241877.78	198900.00
251455.56	212300.00
87533.33	55600.00
136200.00	171400.00
113655.56	100100.00
171777.78	171600.00
165944.44	120600.00
115088.89	88700.00
208000.00	222100.00
201077.78	166700.00
73355.56	73800.00
105522.22	136400.00
499845.33	500001.00
133433.33	144800.00
216200.11	384700.00
133277.78	80700.00
268977.89	229000.00
90211.11	125000.00
199322.22	199600.00
79122.22	72200.00
63755.56	110000.00
315800.22	374100.00
117777.78	93500.00
165033.33	134400.00
162266.67	158900.00
73677.78	91700.00
98888.89	100000.00
186500.00	103100.00
111366.67	133600.00
300977.78	230200.00
242522.22	268500.00
259189.00	202700.00
229644.44	500000.00
157800.00	150700.00
243677.78	323900.00
57022.22	63700.00
238677.78	364200.00
140300.00	140700.00
346911.22	361500.00
174377.78	137500.00
164033.33	142300.00
141688.89	97200.00
284944.44	217300.00
244577.78	340800.00
362644.56	275900.00
257966.67	359600.00
161788.89	186900.00
354289.00	450000.00
115766.67	98800.00
173500.00	139900.00
228988.89	281800.00
159844.44	146900.00
283522.22	238000.00
247888.89	263100.00
96455.56	94200.00
199644.44	144900.00
500001.00	500001.00
177788.89	235000.00
327911.22	259300.00
289055.56	293800.00
286233.33	312700.00
262111.11	192700.00
128111.11	116100.00
271789.00	246900.00
215022.22	210000.00
105711.11	94600.00
285889.00	304100.00
72188.89	47500.00
239577.78	286100.00
279889.00	163800.00
114900.00	112600.00
168200.00	143500.00
120311.11	366700.00
337966.78	347700.00
266988.89	160200.00
229511.11	180500.00
189188.89	134400.00
167633.33	120000.00
244977.78	297400.00
115500.00	179100.00
294111.11	270100.00
262144.44	208700.00
180322.22	132600.00
120655.56	93800.00
170411.11	130800.00
117522.22	89800.00
500001.00	500001.00
148277.78	135700.00
177044.44	170200.00
211600.00	274300.00
241122.22	286900.00
221733.33	350000.00
97111.11	92800.00
208200.00	162500.00
222133.44	266700.00
332500.11	500001.00
133611.11	121400.00
212144.56	180400.00
105144.44	98300.00
180377.78	116500.00
190988.89	187500.00
150055.56	221100.00
77733.33	78200.00
143533.33	120700.00
158655.56	137500.00
108666.67	98900.00
210200.00	283300.00
148844.44	152300.00
304166.67	395500.00
264955.56	252700.00
207977.78	165900.00
330922.33	185600.00
130477.78	325000.00
309489.11	178100.00
78033.33	95500.00
308155.56	246900.00
119077.78	87200.00
182744.44	122900.00
192611.11	190900.00
146177.78	115500.00
439533.67	500001.00
169777.89	130800.00
165844.44	250000.00
294277.78	367100.00
281177.78	278300.00
232255.56	158300.00
110788.89	105500.00
302944.44	303700.00
92477.78	93800.00
210722.22	157100.00
213011.11	168800.00
212666.67	194000.00
145422.22	152300.00
128155.56	93200.00
250233.44	343800.00
132333.33	101400.00
175855.56	167200.00
131533.33	98600.00
292955.67	335700.00
262500.00	270800.00
137811.11	134700.00
279688.89	260300.00
337866.78	230000.00
166200.00	251800.00
57722.22	76800.00
204155.56	158500.00
171222.22	173400.00
128000.00	118100.00
55122.22	48300.00
194233.33	113900.00
302788.89	421000.00
224488.89	255400.00
197311.11	230200.00
79300.00	118800.00
266644.44	335300.00
198611.11	198600.00
500001.00	500001.00
87455.56	82700.00
81322.22	66800.00
269677.78	226400.00
291900.00	335900.00
226144.44	229700.00
361944.44	323500.00
226722.22	500001.00
185255.56	199300.00
286755.67	144200.00
81277.78	225000.00
246633.33	302000.00
103344.44	95500.00
365333.33	381700.00
216977.78	173900.00
500001.00	500001.00
336177.89	275000.00
104022.22	86100.00
473389.56	137500.00
165311.11	163800.00
340222.22	344500.00
122677.78	125000.00
145800.00	123500.00
246833.33	213100.00
185666.67	142000.00
120788.89	86400.00
59200.00	52000.00
105877.78	100000.00
129611.11	73800.00
136911.11	128000.00
144266.67	93800.00
60733.33	50000.00
190900.00	150200.00
145622.22	159700.00
447255.89	470800.00
110688.89	97200.00
484834.11	500001.00
440367.00	337600.00
353555.78	301200.00
195355.56	281300.00
233977.78	211900.00
103511.11	138400.00
196511.11	225000.00
207100.00	209400.00
378644.44	279300.00
214222.22	229000.00
133911.11	117000.00
263822.22	262400.00
74500.00	71100.00
462233.56	484100.00
271511.11	246500.00
222777.78	259800.00
83266.67	68500.00
86877.78	60600.00
245066.67	189900.00
291733.33	275000.00
85900.00	83200.00
91166.67	119400.00
135411.11	192400.00
160444.44	158900.00
208000.00	194700.00
150500.00	142200.00
248166.67	199600.00
199744.44	145600.00
232533.33	204500.00
301477.78	500001.00
499600.89	500001.00
305988.89	444500.00
500001.00	500001.00
126055.56	124600.00
246122.22	229800.00
307700.00	283200.00
384789.00	500001.00
108811.11	100000.00
157388.89	182100.00
146977.78	197500.00
395500.22	333800.00
325455.56	349000.00
196455.56	152500.00
139744.44	154300.00
172122.22	387200.00
76822.22	81300.00
83444.44	130700.00
128011.11	102100.00
409000.00	420000.00
93466.67	157500.00
180166.67	148500.00
243811.11	332800.00
253622.22	323800.00
96244.44	171400.00
481422.89	500001.00
295366.78	270100.00
277655.67	183800.00
100722.22	74300.00
191722.22	186900.00
335533.44	295600.00
231500.00	288500.00
206355.56	290000.00
412422.33	356200.00
173900.00	135000.00
189133.33	182000.00
91033.33	88500.00
239666.67	268500.00
393655.78	337200.00
165422.22	145200.00
125133.33	122400.00
94122.22	65200.00
185088.89	129100.00
330211.11	361200.00
234388.89	225400.00
500001.00	500001.00
141411.11	81800.00
245277.78	500001.00
111133.33	156800.00
150133.33	129900.00
323700.11	297300.00
366022.33	369100.00
179255.56	145600.00
201622.22	209200.00
108055.56	88400.00
61700.00	60000.00
311455.56	240800.00
500001.00	500001.00
204022.22	182100.00
234788.89	500001.00
108822.22	124400.00
129544.44	160600.00
69855.56	53500.00
182822.22	193100.00
242111.11	253700.00
132722.22	86900.00
336711.22	367400.00
411911.56	500001.00
347133.44	382400.00
107422.22	162500.00
92900.00	82800.00
239300.11	112500.00
270711.11	284100.00
182255.56	174400.00
223344.44	227100.00
129811.11	88200.00
85444.44	85000.00
125800.00	137500.00
335511.11	389800.00
252044.44	222400.00
169566.67	150600.00
500001.00	500001.00
191355.56	181600.00
67155.56	70400.00
221677.78	179100.00
178988.89	194500.00
102677.78	119700.00
58311.11	49600.00
149788.89	161800.00
199733.33	208800.00
319766.67	318500.00
181000.11	250000.00
253377.89	166300.00
152788.89	118500.00
319700.00	235600.00
166622.22	164900.00
294366.67	310900.00
170300.00	152300.00
171755.56	234800.00
197500.00	160700.00
111466.67	122900.00
86966.67	68500.00
327522.22	325900.00
101933.33	137500.00
249855.56	257500.00
225366.67	143200.00
494956.33	500001.00
55388.89	52600.00
322022.22	331100.00
159244.44	215400.00
281511.11	369800.00
219866.67	178400.00
71822.22	59000.00
94288.89	91700.00
342755.67	336700.00
196022.22	200000.00
212200.00	211300.00
186855.56	113900.00
157566.67	140400.00
233033.33	181700.00
304600.00	217700.00
243933.33	246800.00
197777.78	209000.00
160533.33	163500.00
371089.33	186400.00
228644.44	185000.00
102055.56	111400.00
180233.33	102100.00
363911.22	340400.00
71855.56	63000.00
242055.56	225000.00
162977.78	137500.00
196111.11	380000.00
226544.44	141700.00
220211.11	241800.00
101511.11	111500.00
132433.33	82800.00
201100.00	183800.00
263955.56	177400.00
233022.22	154000.00
170900.00	220800.00
268066.78	223300.00
216977.89	131300.00
243088.89	297800.00
89555.56	84800.00
89888.89	81000.00
139988.89	165000.00
149922.22	192400.00
245822.22	228200.00
401411.11	500001.00
173966.67	187500.00
110222.22	89400.00
310400.22	287500.00
58766.67	51600.00
254200.00	389200.00
113044.44	103900.00
154444.44	164200.00
284900.11	271900.00
276244.44	500001.00
200288.89	149000.00
202011.11	163900.00
295877.78	255600.00
112844.44	101600.00
177933.33	126000.00
196188.89	193100.00
115966.67	125000.00
92366.67	66900.00
368889.11	283300.00
186577.78	121400.00
305311.11	414100.00
202900.00	149300.00
80433.33	65000.00
173144.44	122500.00
136355.56	327300.00
389844.67	465800.00
271955.56	214900.00
74566.67	72500.00
348844.67	217500.00
226989.00	172400.00
225700.00	135000.00
132511.11	92200.00
349311.22	361900.00
274733.33	290100.00
220400.00	177200.00
333144.44	422000.00
68866.67	80100.00
169777.78	325000.00
263866.67	260500.00
151933.33	158100.00
343877.78	245600.00
71155.56	94600.00
266589.00	222600.00
274333.44	240600.00
289533.33	417900.00
211233.33	191900.00
261666.67	279500.00
152877.78	185400.00
216877.78	162600.00
91555.56	60400.00
86766.67	70000.00
357433.44	387100.00
293566.67	288200.00
184033.33	181900.00
240122.33	257800.00
166044.44	187500.00
221977.78	214400.00
84511.11	103600.00
75588.89	79200.00
265122.33	213100.00
282111.22	214200.00
283766.67	235300.00
492645.33	500001.00
310300.11	480800.00
335155.56	350500.00
195433.33	366000.00
206933.33	228200.00
270100.11	350000.00
152477.78	169700.00
372466.89	361900.00
80933.33	89400.00
152155.56	126700.00
472223.00	500001.00
236888.89	157300.00
257744.44	243600.00
109644.44	84700.00
99844.44	130200.00
206155.56	150700.00
302666.78	257200.00
65477.78	53500.00
148155.56	166700.00
59433.33	68500.00
220966.67	257900.00
167322.22	164600.00
118311.11	112500.00
483334.22	500001.00
496912.00	500001.00
127666.67	92800.00
355255.67	500001.00
188733.33	208100.00
182877.78	143800.00
116033.33	151600.00
189611.22	102500.00
291044.44	258500.00
139555.56	136100.00
364144.56	344000.00
118422.22	82000.00
60488.89	55800.00
123666.67	141700.00
67588.89	41000.00
202166.67	275900.00
134866.67	104400.00
105911.11	81000.00
283355.56	321900.00
212622.22	192100.00
390622.56	442100.00
147266.67	112500.00
317977.78	229200.00
113400.00	127600.00
135900.00	117400.00
61911.11	52500.00
177688.89	68200.00
180022.22	134200.00
163433.33	143500.00
169588.89	171100.00
180288.89	139000.00
211177.78	301100.00
99711.11	94800.00
141044.44	90700.00
126933.33	112100.00
182322.22	171800.00
87466.67	73100.00
136777.78	86200.00
120822.22	109900.00
342477.78	343500.00
235211.22	81300.00
453622.89	67500.00
215766.67	177300.00
380722.44	500001.00
107666.67	90900.00
247900.00	250200.00
153722.22	130000.00
359722.44	294900.00
242444.44	500001.00
103688.89	95000.00
99111.11	105100.00
102555.56	63600.00
239544.56	198600.00
125077.78	160000.00
341955.67	335600.00
146011.11	211500.00
252066.67	290900.00
215766.67	163900.00
281022.33	239900.00
323155.56	345000.00
110188.89	99300.00
302111.11	386800.00
161800.00	131900.00
108755.56	141700.00
101855.56	97800.00
241533.33	218100.00
215566.67	204400.00
103011.11	99200.00
254122.22	267000.00
185411.11	156900.00
184544.44	194900.00
67488.89	53300.00
61200.00	53100.00
263711.11	308300.00
322033.33	445200.00
231422.22	260700.00
83311.11	99600.00
114755.56	140400.00
257766.67	500001.00
175655.56	127100.00
117344.44	115200.00
165611.11	142400.00
181566.67	126900.00
135733.33	132700.00
358822.33	333400.00
127566.67	69100.00
181500.00	170800.00
299444.56	289500.00
253733.33	289600.00
158666.67	145500.00
241588.89	188600.00
249855.56	180800.00
263377.89	225000.00
161500.00	155700.00
210366.67	162900.00
204333.44	154200.00
55566.67	52000.00
135433.33	163300.00
245333.33	219300.00
292244.56	308500.00
203544.44	117900.00
204088.89	186700.00
155966.67	200000.00
279489.00	325600.00
243344.44	226400.00
218633.33	415000.00
83544.44	187500.00
257855.56	201400.00
79122.22	56100.00
196455.56	158800.00
85922.22	65000.00
234855.56	192800.00
174055.56	83500.00
273344.44	215600.00
245677.78	500001.00
193622.22	286300.00
101877.78	59600.00
180700.00	161700.00
97855.56	69500.00
56155.56	95300.00
147133.33	118100.00
186377.78	159700.00
271500.00	195700.00
175377.78	225000.00
164755.56	367100.00
55988.89	93900.00
226144.44	126500.00
191644.44	139700.00
289277.78	188200.00
70622.22	114100.00
204000.00	167000.00
193966.67	163900.00
236133.33	154800.00
85888.89	85000.00
205088.89	500001.00
291200.00	295300.00
274855.56	281100.00
133488.89	95300.00
410389.22	412300.00
323044.44	348200.00
326088.89	363500.00
163666.67	162700.00
171422.22	126600.00
356044.44	321100.00
231622.33	173800.00
67611.11	84900.00
184177.78	239900.00
285877.78	275300.00
223100.00	251200.00
194900.00	212500.00
188688.89	75000.00
305744.56	283200.00
302455.56	238900.00
82911.11	69500.00
327411.11	335900.00
187511.11	185200.00
110422.22	89000.00
105866.67	102300.00
389055.67	389500.00
231055.56	155000.00
63800.00	50800.00
205322.22	75000.00
281344.44	277000.00
57011.11	61500.00
500001.00	500001.00
311866.67	270000.00
221211.11	169600.00
273744.67	191400.00
301844.44	217800.00
374089.11	489000.00
481445.22	500001.00
81755.56	70100.00
227844.44	237500.00
82255.56	450000.00
209633.33	186200.00
75777.78	79700.00
157333.33	174600.00
253133.33	274700.00
460522.67	500001.00
166511.11	150600.00
149888.89	174000.00
131555.56	90000.00
228244.44	162500.00
226388.89	162600.00
150722.22	103500.00
84244.44	64600.00
157922.22	500001.00
396322.33	441900.00
346311.11	417800.00
271766.67	180700.00
205277.78	198100.00
235933.44	275000.00
130688.89	114800.00
208366.67	333700.00
122244.44	91700.00
137111.11	142500.00
182600.00	187300.00
153666.67	220700.00
134933.33	73800.00
146966.67	150000.00
277689.00	325000.00
372633.33	483300.00
427844.78	409900.00
277633.33	225000.00
266833.33	279100.00
120966.67	111100.00
203177.78	200000.00
73033.33	67000.00
337766.67	252000.00
199977.78	125000.00
172800.00	125900.00
370233.33	500001.00
92300.00	69700.00
76733.33	62000.00
339688.89	225800.00
254288.89	217400.00
364633.33	483300.00
126422.22	153200.00
277711.22	170000.00
215866.67	166700.00
215733.33	247900.00
147533.33	161300.00
107766.67	94200.00
181355.56	195300.00
113922.22	116300.00
227322.22	240900.00
459689.44	500001.00
75588.89	87800.00
274188.89	281500.00
136500.00	113200.00
325889.00	500001.00
327089.00	264300.00
141855.56	175000.00
111511.11	100000.00
176600.00	158600.00
201988.89	218100.00
287622.22	271800.00
134944.44	134700.00
132433.33	104300.00
181188.89	162500.00
427122.56	500001.00
237988.89	294100.00
180755.56	175300.00
155922.22	118300.00
106588.89	98500.00
313766.78	322000.00
157977.78	114000.00
303100.22	500001.00
156611.11	108500.00
176588.89	238000.00
240277.78	350000.00
169355.56	178100.00
242477.78	377300.00
258122.22	217200.00
237022.22	225000.00
136788.89	147100.00
188222.22	157400.00
185577.78	174200.00
224888.89	317700.00
303889.00	156400.00
228500.00	203100.00
340533.33	414300.00
238255.56	185000.00
208844.56	256300.00
191333.33	151700.00
264900.00	281900.00
288944.56	227000.00
60722.22	55100.00
87488.89	54400.00
191844.44	146600.00
190177.78	165100.00
217733.33	196400.00
320166.67	278100.00
407067.11	500001.00
156833.33	215100.00
172355.56	191100.00
100355.56	98400.00
448322.67	417000.00
153222.22	154200.00
164300.00	158000.00
61188.89	54100.00
134933.33	138800.00
201311.22	194500.00
196411.11	209900.00
251111.11	211900.00
162533.33	137500.00
84733.33	99200.00
163822.22	124100.00
500001.00	500001.00
88533.33	95400.00
386200.00	452300.00
326422.22	283800.00
182300.00	110100.00
68333.33	40000.00
183666.67	191000.00
150844.44	158800.00
79966.67	90000.00
206100.00	234600.00
79344.44	58200.00
92011.11	87800.00
74111.11	100000.00
99811.11	92800.00
307400.11	174200.00
276111.22	332800.00
409477.78	464600.00
57500.00	44400.00
231033.33	173600.00
161800.00	165800.00
197044.44	350000.00
263033.33	218200.00
197277.78	190800.00
290933.33	448300.00
65122.22	76000.00
187611.11	161900.00
182655.56	161400.00
170555.56	123200.00
152533.33	101300.00
70444.44	57000.00
338388.89	356000.00
142211.11	175000.00
153411.11	101400.00
270355.56	339700.00
103044.44	145300.00
84166.67	76900.00
206844.44	177600.00
136388.89	154700.00
120288.89	72000.00
308400.11	269500.00
187366.67	170500.00
273766.67	225000.00
120488.89	132800.00
337622.33	311800.00
267922.22	275000.00
106477.78	65600.00
407511.22	472700.00
141644.44	146300.00
119833.33	179200.00
111922.22	118500.00
79988.89	80000.00
72266.67	82800.00
51700.00	45600.00
200522.22	189300.00
266088.89	404800.00
226477.78	199600.00
218066.67	162000.00
185966.67	190500.00
127155.56	116100.00
196766.67	254900.00
225955.56	178300.00
235311.11	312500.00
101088.89	114400.00
168055.56	146600.00
113388.89	212500.00
246477.78	280000.00
178677.78	129700.00
147955.56	109800.00
500001.00	500001.00
272144.44	272900.00
233777.78	264700.00
344766.78	414300.00
251433.33	243800.00
121188.89	101000.00
356555.56	368700.00
246333.33	178400.00
81688.89	101400.00
316188.89	331900.00
264855.56	269800.00
116700.00	101100.00
220444.44	191700.00
500001.00	500001.00
77388.89	70400.00
275022.22	307900.00
67811.11	72600.00
236333.33	223000.00
173244.44	141700.00
298444.44	279600.00
172666.67	294100.00
318400.00	272600.00
108388.89	113400.00
274988.89	245800.00
298066.78	295800.00
295344.56	336900.00
119900.00	143200.00
178933.33	160100.00
298111.11	231800.00
222255.67	172100.00
76522.22	52500.00
271289.00	239100.00
469445.00	500001.00
205222.22	157700.00
216977.78	190800.00
91488.89	84200.00
177300.00	115900.00
206411.11	216700.00
55777.78	54700.00
301966.67	470800.00
393655.78	334500.00
333255.67	500001.00
205666.67	245000.00
312911.11	337300.00
133955.56	154000.00
121211.11	82500.00
126933.33	105100.00
177288.89	165500.00
101011.11	101200.00
92166.67	137500.00
176266.67	154600.00
161166.67	176300.00
310755.67	396000.00
77800.00	72100.00
336666.78	209500.00
116533.33	116800.00
101188.89	76900.00
199344.44	228100.00
171700.00	243200.00
284944.44	302100.00
150855.56	160100.00
138377.78	132000.00
254011.11	274800.00
269388.89	289900.00
211777.78	250000.00
134211.11	143800.00
286366.67	266000.00
77822.22	78600.00
341733.33	328500.00
85800.00	119200.00
386944.78	442000.00
220977.78	211600.00
152488.89	118100.00
113744.44	129300.00
318544.44	173200.00
227811.11	179700.00
166733.33	163000.00
84166.67	62500.00
88922.22	55900.00
492723.11	500001.00
250255.56	235300.00
192011.11	147300.00
181266.67	183600.00
164344.44	129800.00
246633.33	227700.00
258333.33	339200.00
186688.89	194600.00
133233.33	81900.00
208255.56	209100.00
456589.33	376200.00
292866.67	500001.00
84166.67	75500.00
266011.11	364300.00
356778.11	345900.00
279477.78	222800.00
316066.67	254100.00
151000.00	244000.00
165666.67	180900.00
338111.33	271900.00
262855.67	184000.00
372611.22	402300.00
59677.78	49400.00
246066.67	288900.00
163633.33	180400.00
63411.11	58100.00
152122.22	231800.00
220011.11	215000.00
71733.33	70400.00
160822.22	113900.00
202000.00	225000.00
112022.22	84300.00
102600.00	159800.00
163877.78	147600.00
88755.56	75000.00
217155.56	173200.00
117411.11	77100.00
140855.56	115400.00
123711.11	87500.00
105844.44	112000.00
201544.44	161500.00
241766.67	192200.00
106622.22	212500.00
178388.89	137500.00
155422.22	208800.00
148522.22	128400.00
114644.44	100000.00
432833.44	372700.00
226711.11	154300.00
185877.78	204800.00
423333.89	351900.00
216800.00	155700.00
136622.22	112100.00
150500.00	111000.00
141155.56	133300.00
182755.56	156500.00
265866.78	162500.00
138188.89	153500.00
143677.78	136400.00
252322.22	500001.00
277122.22	356800.00
83222.22	102800.00
289033.44	213200.00
125644.44	100000.00
286977.89	279700.00
201711.11	182500.00
139411.11	157300.00
137677.78	138100.00
164933.33	202300.00
252411.11	264500.00
281277.78	327300.00
283622.33	443600.00
294700.11	355100.00
361777.89	500001.00
402622.33	378200.00
330011.11	311800.00
75933.33	67000.00
100766.67	87500.00
215944.44	188000.00
273966.78	239200.00
244633.33	295600.00
79777.78	59200.00
260600.00	151700.00
223544.44	262500.00
208433.33	365600.00
471467.22	476400.00
209644.44	182000.00
206333.33	197400.00
425867.00	500001.00
128900.00	163500.00
68877.78	73700.00
297933.33	290700.00
235766.67	148900.00
71533.33	62000.00
177888.89	87500.00
98388.89	96100.00
134288.89	118500.00
237800.00	248900.00
178877.78	128700.00
188866.67	286000.00
348589.00	378000.00
167844.44	111400.00
287333.44	353400.00
101577.78	86400.00
131600.00	165100.00
216066.67	190700.00
269400.00	301500.00
88177.78	61500.00
174744.44	143300.00
96033.33	80400.00
256477.78	231400.00
194300.00	206700.00
232666.67	177800.00
290411.11	384600.00
156744.44	140200.00
250655.56	260000.00
183088.89	117100.00
183255.56	160300.00
186611.11	191800.00
100133.33	120900.00
98533.33	84900.00
243211.22	340900.00
85755.56	66800.00
109833.33	102000.00
76211.11	92300.00
135111.11	144300.00
253100.00	242900.00
276333.33	265900.00
181788.89	149700.00
176800.00	67500.00
160633.33	166300.00
143000.00	138800.00
242444.44	500001.00
189944.44	250000.00
116966.67	89600.00
167155.56	161100.00
116722.22	107800.00
148733.33	121800.00
109477.78	164000.00
84488.89	82700.00
81366.67	69000.00
67344.44	57500.00
401222.33	500001.00
436255.89	477200.00
176655.56	142000.00
168911.22	72900.00
145622.22	123100.00
331233.33	234700.00
224944.44	293800.00
176644.44	450000.00
169833.33	350000.00
235600.00	269600.00
168911.11	213000.00
226577.78	233700.00
212255.56	255000.00
135033.33	287500.00
494956.33	500001.00
209144.44	225000.00
184000.00	173200.00
500001.00	500001.00
328700.00	233300.00
100322.22	87000.00
124366.67	118500.00
323133.44	291800.00
121622.22	105100.00
82611.11	143800.00
128044.44	131300.00
256655.56	500001.00
80700.00	103400.00
279866.67	244400.00
247711.22	189600.00
226111.11	259700.00
241933.33	375000.00
153844.44	170100.00
133122.22	110500.00
162633.33	199300.00
224544.44	223500.00
397333.56	380900.00
489100.78	392600.00
255566.67	263800.00
147611.11	82400.00
177622.22	159500.00
144388.89	175000.00
96133.33	128800.00
492645.33	500001.00
264866.78	263600.00
272311.11	233700.00
124422.33	82100.00
159922.22	236500.00
109855.56	76600.00
310422.33	500001.00
259244.44	280500.00
256777.89	218300.00
169222.22	178700.00
319500.00	236500.00
149922.22	111700.00
113355.56	187500.00
154722.22	155500.00
197844.44	251900.00
262322.22	275900.00
100688.89	113500.00
306233.44	313100.00
188711.11	162000.00
69088.89	72000.00
412755.67	427700.00
228200.11	188600.00
284266.67	281100.00
197033.33	122300.00
241544.44	117500.00
120922.22	139100.00
194888.89	196100.00
287222.22	285800.00
138300.00	193800.00
165188.89	115400.00
194655.56	279900.00
226244.44	236200.00
131166.67	179800.00
315844.44	369200.00
200188.89	248600.00
215566.78	95600.00
167155.56	147200.00
183722.22	236600.00
124977.78	141500.00
196277.78	172700.00
195788.89	150000.00
245600.11	327700.00
186777.78	151400.00
266566.67	269600.00
192422.22	159400.00
71433.33	85800.00
234444.44	151900.00
250111.11	223100.00
82833.33	112500.00
60355.56	112500.00
240588.89	320900.00
164355.56	134200.00
282633.44	500001.00
102455.56	190900.00
209500.00	207700.00
200222.22	211000.00
389744.67	500001.00
239600.00	226400.00
127466.67	81800.00
186666.67	126700.00
219455.56	227900.00
327300.00	206800.00
193533.33	242500.00
177055.56	225000.00
270611.11	234600.00
54211.11	48300.00
314388.89	335600.00
322955.67	247700.00
111277.78	112500.00
143866.67	250000.00
302900.00	342700.00
167544.44	123500.00
193633.33	186100.00
57644.44	59000.00
500001.00	426000.00
139333.33	150000.00
174633.44	184400.00
110944.44	108500.00
189422.22	213200.00
223122.22	323800.00
250200.00	314500.00
72188.89	63100.00
229544.44	228600.00
94655.56	62700.00
119222.22	91200.00
73733.33	63700.00
141188.89	169400.00
68177.78	79200.00
54522.22	112500.00
84633.33	60200.00
352444.44	318100.00
126344.44	117800.00
257377.89	348300.00
126877.78	88200.00
151100.00	129500.00
264500.11	224500.00
161744.44	167800.00
78033.33	67500.00
124811.11	100000.00
196533.33	188900.00
216444.44	254500.00
226600.11	165000.00
147377.78	160900.00
232466.67	387500.00
253144.44	315500.00
315433.67	469800.00
197277.78	156300.00
175255.56	112400.00
125633.33	176400.00
207966.67	261300.00
202311.11	227800.00
140255.56	98600.00
207688.89	140900.00
491778.56	500001.00
299122.22	274600.00
265966.67	173100.00
147522.22	143700.00
81100.00	73400.00
71888.89	87500.00
119477.78	67900.00
80166.67	83900.00
272988.89	228000.00
255133.33	283500.00
190944.44	192300.00
81777.78	69100.00
200100.00	238000.00
227777.78	229300.00
237044.44	298100.00
75955.56	67500.00
72144.44	67900.00
137055.56	60200.00
258144.44	237000.00
82355.56	69000.00
185277.78	160600.00
98544.44	118400.00
135266.67	117600.00
131366.67	90800.00
174122.22	170400.00
179344.44	152500.00
140800.00	126000.00
157855.56	112500.00
109388.89	121700.00
164700.00	160200.00
258166.67	260500.00
364911.22	500001.00
283077.78	247100.00
255988.89	322800.00
394767.00	366300.00
217822.22	303100.00
199177.78	184300.00
215922.22	219800.00
190344.44	157700.00
177388.89	154400.00
215833.33	184500.00
184822.22	117600.00
67033.33	59400.00
68522.22	75000.00
320989.00	87500.00
212888.89	113800.00
338211.22	219000.00
232488.89	239900.00
157977.78	155400.00
195455.56	170000.00
199088.89	150000.00
191688.89	215000.00
166166.67	170800.00
310644.44	247700.00
287955.56	198200.00
161811.11	157800.00
112700.00	67500.00
198222.22	157500.00
151933.44	87500.00
54688.89	51000.00
255255.56	228900.00
93922.22	85900.00
182366.67	362500.00
253922.22	302200.00
196511.11	500001.00
190588.89	144600.00
59900.00	50300.00
276266.67	335300.00
265233.33	275200.00
301977.89	420100.00
191988.89	160800.00
120788.89	111300.00
149333.33	138800.00
228977.78	287500.00
205311.22	343200.00
257777.78	263800.00
260455.56	157800.00
208988.89	268800.00
220888.89	177600.00
73544.44	59100.00
169411.11	222300.00
186055.56	145900.00
158222.22	121200.00
67844.44	60300.00
275977.89	229400.00
213644.44	218200.00
153455.56	238300.00
85477.78	71100.00
212822.22	252600.00
73600.00	52500.00
194166.67	181300.00
310577.78	233600.00
183855.56	171900.00
96188.89	109500.00
58944.44	71900.00
277100.00	276100.00
242866.67	253400.00
81655.56	57800.00
203511.11	212500.00
141944.44	128100.00
152044.44	156300.00
129744.44	125700.00
84166.67	67500.00
92877.78	80400.00
145577.78	119400.00
216522.22	267400.00
222244.44	253800.00
267644.44	181400.00
288544.44	266300.00
264022.22	252100.00
300877.78	251600.00
219577.78	264100.00
81533.33	89500.00
180955.56	181900.00
267555.56	190800.00
56555.56	48500.00
422656.00	500001.00
302077.78	272000.00
122122.22	117000.00
98100.00	80200.00
188000.00	187500.00
207822.22	166600.00
257400.00	262700.00
236111.11	230700.00
174477.78	138000.00
265644.44	300300.00
156277.78	162500.00
88033.33	93800.00
229777.78	352100.00
149411.11	126900.00
69777.67	48800.00
116355.56	122500.00
79977.78	73500.00
108166.67	101200.00
188855.56	227100.00
77944.44	99500.00
197477.78	252700.00
387633.44	500001.00
141488.89	136200.00
260511.11	270300.00
237188.89	246900.00
212444.44	161200.00
79688.89	75800.00
243477.78	362500.00
77700.00	88300.00
300155.67	253700.00
226311.11	404500.00
58088.89	70700.00
142133.33	172000.00
274789.00	137500.00
95533.33	126600.00
127255.56	137500.00
230477.78	154000.00
393789.11	383900.00
74277.78	61500.00
158033.33	450000.00
102577.78	148200.00
116322.22	67700.00
258666.67	410200.00
411466.89	397300.00
133555.56	114100.00
285222.22	243200.00
64433.33	69900.00
113155.56	157100.00
267122.22	442900.00
115144.44	262500.00
204144.44	227800.00
200111.11	190000.00
108655.56	83500.00
274122.22	231200.00
332211.11	476300.00
182877.78	178200.00
122944.44	55000.00
212500.00	468000.00
133688.89	117200.00
222800.00	191100.00
140966.67	139500.00
348811.22	239800.00
244611.22	359100.00
86011.11	84800.00
94022.22	85900.00
83188.89	94600.00
500001.00	500001.00
145377.78	152400.00
377755.56	372200.00
356800.11	388300.00
78200.00	69900.00
110388.89	133900.00
128244.44	92400.00
90800.00	60800.00
111188.89	85400.00
220222.22	228600.00
95333.33	85600.00
255577.78	320600.00
324911.22	463500.00
345077.89	415800.00
89788.89	83900.00
278877.89	183800.00
353511.11	250000.00
239300.00	353200.00
67455.56	67500.00
132411.11	103800.00
97222.22	94400.00
382322.44	401000.00
230288.89	215200.00
145722.22	195500.00
184144.44	225800.00
88211.11	114200.00
240877.89	187500.00
130233.33	148000.00
315455.78	221300.00
88522.22	109000.00
187211.11	181100.00
104555.56	145200.00
244044.44	178600.00
95788.89	70300.00
146733.33	132600.00
321344.44	311500.00
91944.44	111800.00
186177.78	137300.00
112055.56	350000.00
50100.00	46700.00
203400.00	192700.00
105333.33	138400.00
269577.78	366700.00
322155.67	391500.00
115444.44	92500.00
269933.44	281500.00
261977.78	348600.00
302700.00	381500.00
268100.00	260900.00
163155.56	206300.00
143611.11	115100.00
128766.67	248100.00
119922.22	104100.00
268177.78	313100.00
55733.33	55600.00
334855.56	439900.00
136122.22	67500.00
129777.78	112500.00
103833.33	145200.00
176555.56	196900.00
228077.78	198700.00
338977.78	306700.00
79044.44	150000.00
256122.22	276400.00
193988.89	190700.00
214688.89	304500.00
275688.89	283200.00
462922.78	483100.00
336055.67	500001.00
243055.56	358800.00
236066.67	283900.00
179444.44	221200.00
136744.44	161600.00
242555.56	248300.00
245466.67	291000.00
249844.44	317900.00
323489.11	500001.00
56277.78	52100.00
78655.56	80300.00
65544.44	47500.00
112433.33	85700.00
246777.78	254000.00
221300.00	165100.00
121444.44	97500.00
176266.67	176100.00
202366.67	180700.00
259788.89	293000.00
395822.56	405200.00
157533.33	182800.00
481456.11	500001.00
74122.22	73700.00
201100.00	191100.00
367533.33	277700.00
214544.44	196100.00
216300.11	193200.00
113844.44	142300.00
142444.44	142500.00
195500.00	142500.00
80677.78	78600.00
253233.33	217300.00
367700.11	343300.00
146511.11	124400.00
138877.78	114200.00
118477.78	122200.00
130089.00	68200.00
75622.22	54400.00
356322.33	339000.00
150100.00	176000.00
99955.56	68500.00
149255.56	172800.00
170866.67	153800.00
297133.33	500001.00
319188.89	264900.00
179444.44	165400.00
160577.78	97300.00
163366.67	169500.00
146777.78	129400.00
118433.33	158900.00
84644.44	59800.00
214488.89	184100.00
200644.44	244500.00
468756.22	365600.00
87855.56	73600.00
268455.56	333000.00
189777.78	235600.00
154300.00	174100.00
210689.00	190200.00
370855.78	268800.00
158433.33	109000.00
126555.56	99300.00
144533.33	151700.00
185211.11	87500.00
94466.67	70500.00
53822.22	36600.00
327544.56	186700.00
240611.11	283300.00
105944.44	90100.00
113300.00	123700.00
124677.78	137500.00
310366.67	285800.00
137500.00	148800.00
185711.11	174300.00
168477.78	120500.00
199177.78	172400.00
187233.33	192000.00
78311.11	64700.00
123511.11	71900.00
272233.33	335000.00
249477.78	240200.00
164600.00	160400.00
187366.67	159100.00
245555.56	162900.00
180955.56	275000.00
225800.00	222700.00
241200.00	352200.00
160655.56	151600.00
159200.00	80400.00
307288.89	366700.00
265366.67	164300.00
347300.11	387700.00
257255.56	253400.00
68477.78	101400.00
236133.33	258000.00
239355.67	286400.00
156200.11	301600.00
82477.78	81900.00
121477.78	155700.00
243777.78	328800.00
217722.22	198000.00
74000.00	80300.00
172322.22	231300.00
354322.33	500001.00
500001.00	500001.00
166344.44	153100.00
261311.11	204200.00
355066.78	386100.00
55511.11	51700.00
132622.22	130400.00
92188.89	65900.00
95500.00	75000.00
166555.56	246300.00
104155.56	138200.00
250855.56	220600.00
258188.89	231400.00
106444.44	106300.00
187333.33	239000.00
124511.11	104200.00
73600.00	74400.00
190222.22	203600.00
189722.22	177800.00
185755.56	210200.00
242422.33	177400.00
123733.33	102300.00
148233.33	133000.00
186711.11	160800.00
144466.67	137200.00
129577.78	112600.00
157822.22	87500.00
162888.89	191700.00
176055.56	261300.00
317322.33	345700.00
236722.22	456300.00
187466.67	309500.00
190244.44	224100.00
84800.00	90800.00
285900.00	340000.00
229544.56	138000.00
429655.78	500001.00
218677.78	225600.00
215833.33	160300.00
190022.22	226900.00
145722.22	101000.00
187533.33	150000.00
149222.22	192200.00
139555.56	94500.00
195511.11	221300.00
233277.78	340800.00
115388.89	151400.00
182177.78	87500.00
146000.00	111800.00
186911.11	197500.00
119600.00	142400.00
150533.33	170400.00
165422.22	216600.00
118200.00	137500.00
51544.44	54300.00
291188.89	390000.00
166188.89	310000.00
405078.00	493400.00
149500.00	95600.00
289566.78	181000.00
71600.00	61000.00
221955.56	186900.00
187633.33	177700.00
58344.44	52600.00
106033.33	162500.00
228611.11	184300.00
150888.89	134300.00
189233.33	152500.00
248000.00	212500.00
161600.00	158200.00
226400.11	130800.00
109200.00	96400.00
204055.56	286800.00
174366.67	184500.00
129566.67	116200.00
105900.00	101900.00
136311.11	178900.00
486378.44	500001.00
205477.78	243800.00
164111.11	174000.00
380711.22	486400.00
186700.00	108900.00
218189.00	187500.00
155800.00	126600.00
284277.78	289500.00
180088.89	147500.00
241633.33	268000.00
184200.00	137500.00
232555.67	375000.00
270955.56	215300.00
242966.67	217900.00
157155.56	184400.00
307144.44	500001.00
297433.33	266700.00
228744.44	268400.00
273244.44	344000.00
155377.78	125400.00
105466.67	130400.00
188188.89	136000.00
214022.22	103300.00
155711.11	138800.00
183055.56	171500.00
285533.33	237400.00
84133.33	71300.00
116744.44	77500.00
165088.89	136700.00
459400.56	446600.00
53577.78	50400.00
247866.67	252900.00
268289.00	158200.00
119966.67	93200.00
116944.44	150900.00
160400.00	125800.00
211144.44	106300.00
204955.56	170700.00
96488.89	102900.00
324022.33	352400.00
265644.56	290000.00
309755.67	259300.00
114500.00	81500.00
179922.22	161400.00
154466.67	147600.00
215400.00	149100.00
304200.00	422200.00
198800.00	157100.00
381944.67	474600.00
196044.44	150000.00
128244.44	138800.00
274011.11	259300.00
89688.89	67200.00
475878.44	381800.00
98933.33	85800.00
140122.22	133300.00
113733.33	177000.00
197355.56	179300.00
164166.67	163900.00
213500.00	240500.00
96411.11	72300.00
63100.00	66100.00
97855.56	89200.00
168822.22	224200.00
233877.89	375000.00
191877.78	350000.00
85133.33	82700.00
200211.11	146300.00
169133.33	134400.00
363422.33	302000.00
125800.00	108000.00
169233.33	155700.00
87377.78	58000.00
311822.22	241200.00
150966.67	101500.00
211355.56	218000.00
177833.33	158500.00
224233.44	282500.00
110477.78	100900.00
198233.33	234600.00
333477.78	500001.00
83533.33	67700.00
117966.67	139800.00
241600.00	332100.00
203177.78	168900.00
401689.11	500001.00
220466.67	210000.00
261588.89	292700.00
97300.00	90100.00
163222.22	132600.00
221988.89	447100.00
226255.56	244500.00
155188.89	171300.00
484967.33	500001.00
219100.00	208900.00
114011.11	168800.00
157100.00	139800.00
146111.11	129800.00
474089.33	500001.00
